[gd_scene load_steps=7 format=2]

[ext_resource path="res://game/level_maps/exterior_ship/exterior_ship.tscn" type="PackedScene" id=1]
[ext_resource path="res://game/levels/level_base.tscn" type="PackedScene" id=2]
[ext_resource path="res://addons/godot-xr-tools/functions/movement_wall_walk.tscn" type="PackedScene" id=3]
[ext_resource path="res://game/environments/spacestation_interior_env.tres" type="Environment" id=4]
[ext_resource path="res://game/levels/story_2_exterior/good_modules.tscn" type="PackedScene" id=5]
[ext_resource path="res://game/objects/computer_ai/computer_ai.tscn" type="PackedScene" id=6]

[node name="Story2Exterior" instance=ExtResource( 2 )]
environment = ExtResource( 4 )

[node name="ARVROrigin" parent="." index="0"]
transform = Transform( -4.37114e-08, 0, -1, 0, 1, 0, 1, 0, -4.37114e-08, 4, 69, 0 )

[node name="ARVRCamera" parent="ARVROrigin" index="0"]
far = 500.0

[node name="MovementWallWalk" parent="ARVROrigin" index="5" instance=ExtResource( 3 )]
stick_distance = 2.0

[node name="ExteriorShip" parent="." index="1" instance=ExtResource( 1 )]
modules_damaged = true

[node name="GoodModules" parent="." index="2" instance=ExtResource( 5 )]

[node name="ComputerAIStart" parent="." index="3" instance=ExtResource( 6 )]
transform = Transform( 0.707107, 0, -0.707107, 0, 1, 0, 0.707107, 0, 0.707107, 6.98111, 69.0122, -1.97876 )

[node name="ComputerAIMidway" parent="." index="4" instance=ExtResource( 6 )]
transform = Transform( -0.671382, 0.52721, -0.520861, -0.635923, -0.0488982, 0.770202, 0.380589, 0.848327, 0.368094, 6.947, -30.5, 8.06 )

[node name="ComputerAIRepairStation" parent="." index="5" instance=ExtResource( 6 )]
transform = Transform( -1.81059e-08, 1, 6.18172e-08, 0.707107, -3.09086e-08, 0.707107, 0.707107, 5.65142e-08, -0.707107, 8.65978, -70.4411, 2.65755 )

[node name="ComputerAIRepairSpares" parent="." index="6" instance=ExtResource( 6 )]
transform = Transform( 1.13133e-08, -1, -4.2222e-08, 0, -4.2222e-08, 1, -1, -1.13133e-08, 0, -8.66367, -74.7839, -0.930767 )
terminal_visible = true
